/**
 * @title javaPractice / exercise / Exercise06
 * @content for, nested for, if, printf
 * @author shika
 * @date 2020-10-20
 */
/*
◆Exercise06
for文を用いて、九九を表示せよ。
表示の際、数字間にスペースを空け、
ひと桁の数字は更に空白を補い、下記のように正方形になるよう表示すること。

◇実行結果
 1  2  3  4  5  6  7  8  9
 2  4  6  8 10 12 14 16 18
 3  6  9 12 15 18 21 24 27
 4  8 12 16 20 24 28 32 36
 5 10 15 20 25 30 35 40 45
 6 12 18 24 30 36 42 48 54
 7 14 21 28 35 42 49 56 63
 8 16 24 32 40 48 56 64 72
 9 18 27 36 45 54 63 72 81
 */
